# Time-averaged data for fix msd
# TimeStep c_msd[4]
0 0
8000 7.75582
16000 11.8089
24000 14.7523
32000 18.3586
40000 20.0248
48000 22.6589
56000 23.7944
64000 26.1055
72000 27.5283
80000 29.499
88000 31.7798
96000 33.8789
104000 36.377
112000 38.3621
120000 38.5605
128000 40.3017
136000 42.6883
144000 44.9502
152000 46.0645
160000 47.0427
168000 47.6997
176000 48.9478
184000 49.3357
192000 50.5583
200000 51.2079
208000 52.5565
216000 54.1302
224000 53.1526
232000 56.8
240000 56.444
248000 59.4949
256000 61.7598
264000 62.1219
272000 63.3742
280000 64.4657
288000 66.4655
296000 67.9118
304000 65.7061
312000 68.455
320000 68.4699
328000 69.456
336000 71.9384
344000 71.8812
352000 72.7459
360000 72.5496
368000 75.3079
376000 74.5877
384000 75.5401
392000 79.2726
400000 78.3759
408000 80.5294
416000 81.9361
424000 81.846
432000 83.441
440000 82.2339
448000 79.7811
456000 81.1882
464000 78.8626
472000 80.24
480000 81.4914
488000 83.6523
496000 84.625
504000 83.4828
512000 87.5149
520000 89.8179
528000 92.1755
536000 93.5195
544000 97.1878
552000 98.5981
560000 100.774
568000 103.16
576000 105.429
584000 105.636
592000 105.087
600000 107.106
608000 108.457
616000 108.875
624000 110.572
632000 109.493
640000 111.092
648000 113.956
656000 115.888
664000 118.529
672000 120.919
680000 119.827
688000 120.173
696000 124.492
704000 123.415
712000 126.141
720000 127.934
728000 134.235
736000 134.636
744000 132.6
752000 130.302
760000 129.197
768000 131.928
776000 133.146
784000 137.587
792000 141.437
800000 144.639
808000 148.033
816000 148.388
824000 151.49
832000 152.021
840000 151.454
848000 153.019
856000 155.957
864000 158.336
872000 157.185
880000 160.003
888000 162.703
896000 163.965
904000 162.804
912000 166.342
920000 167.667
928000 169.623
936000 173.682
944000 169.676
952000 170.603
960000 170.102
968000 169.351
976000 171.935
984000 173.221
992000 175.024
1000000 174.678
